U8 1 0.0642119 0.103237
U9 0 0.0223725 0.0275489
U10 0 0.0356202 0.0428719
U11 1 0.0686296 0.112484
U12 0 0.0406273 0.0545117
U13 1 0.0338125 0.0540059
U14 1 0.024308 0.0253554

U8 1 0.0642119 0.103237
U9 0 0.0223725 0.0275489
U10 0 0.0356202 0.0428719
U11 1 0.0686296 0.112484
U12 0 0.0406273 0.0545117
U13 1 0.0338125 0.0540059
U14 1 0.024308 0.0253554

U8 0 0.0483224 0.0775343
U9 1 0.0281094 0.0536938
U10 0 0.0356202 0.0428719
U11 1 0.0560682 0.0887582
U12 1 0.0255257 0.0278498
U13 1 0.0338125 0.0540059
U14 0 0.0211512 0.0263517

U8 0 0.0483224 0.0775343
U9 1 0.0281094 0.0536938
U10 1 0.0270394 0.0451622
U11 0 0.0406482 0.0802254
U12 1 0.0255257 0.0278498
U13 0 0.0248878 0.0420918
U14 1 0.024308 0.0253554